1292744
1297736
1302736
1307736
1312736
1317736
1322736
1327736
1332736
1337736
1342736
1347736
1352736
1357736
1362736
1367736
1372736
1377736
1382736
1387736
1392736
1397736
1402736
1407736
1412736
1417736
1422736
1427736
1432736
1437736
1442736
1447736
1452736
1457737
1462737
1467737
1472737
1477737
1482737
1487737
1492737
1497737
1502737
1507737
1512737
1517737
1522737
1527737
1532737
1537737
1542737
1547737
1552737
1557737
1562737
1567737
1572737
1577737
1582737
1587737
1592737
1597737
1602737
1607737
1612737
1617738
1622738
1627738
1632738
1637738
1642738
1647738
1652738
1657738
1662738
1667738
1672738
1677738
1682738
1687738
1692738
1697738
1702738
1707738
1712738
1717738
1722738
1727738
1732738
1737738
1742738
1747738
1752738
1757738
1762738
1767738
1772738
1777739
1782739
1787739
1792739
1797739
1802739
1807739
1812739
1817739
1822739
1827739
1832739
1837739
1842739
1847739
1852739
1857739
1862739
1867739
1872739
1877739
1882739
1887739
1892739
1897739
1902739
1907739
1912739
1917739
1922740
1927739
1932740
1937740
1942740
1947740
1952740
1957740
1962740
1967740
1972740
1977740
1982740
1987740
1992740
1997740
2002740
2007740
2012740
2017740
2022740
2027740
2032740
2037740
2042740
2047741
2052740
2057740
2062740
2067740
2072740
2077740
2082741
2087741
2092741
2097741
2102741
2107741
2112741
2117741
2122741
2127741
2132741
2137741
2142741
2147741
2152741
2157741
2162741
2167741
2172741
2177741
2182741
2187741
2192741
2197741
2202741
2207741
2212741
2217741
2222741
2227741
2232741
2237741
2242741
2247741
2252742
2257742
2262742
2267742
2272742
2277742
2282742
2287742
2292742
2297742
2302742
2307742
2312742
2317742
2322742
2327742
2332742
2337742
2342742
2347742
2352742
2357742
2362742
2367742
2372742
2377742
2382742
2387742
2392742
2397742
2402743
2407742
2412743
2417743
2422743
2427743
2432743
2437743
2442743
2447743
2452743
2457743
2462743
2467743
2472743
2477743
2482743
2487743
2492743
2497743
2502743
2507743
2512743
2517743
2522743
2527743
2532743
2537743
2542744
2547743
2552743
2557743
2562743
2567744
2572744
2577744
2582744
2587744
2592744
2597744
2602744
2607744
2612744
2617744
2622744
2627744
2632744
2637744
2642744
2647744
2652744
2657744
2662744
2667744
2672744
2677744
2682744
2687744
2692744
2697744
2702745
2707744
2712745
2717744
2722745
2727744
2732745
2737745
2742745
2747745
2752745
2757745
2762745
2767745
2772745
2777745
2782745
2787745
2792745
2797745
2802745
2807745
2812745
2817745
2822745
2827745
2832745
2837745
2842745
2847745
2852745
2857745
2862745
2867745
2872745
2877745
2882746
2887745
2892746
2897746
2902746
2907746
2912746
2917746
2922746
2927746
2932746
2937746
2942746
2947746
2952746
2957746
2962746
2967746
2972746
2977746
2982746
2987746
2992746
2997746
3002746
3007746
3012746
3017746
3022747
3027746
3032746
3037746
3042747
3047747
3052747
3057747
3062747
3067747
3072747
3077747
3082747
3087747
3092747
3097747
3102747
3107747
3112747
3117747
3122747
3127747
3132747
3137747
3142747
3147747
3152747
3157747
3162747
3167747
3172747
3177747
3182747
3187747
3192747
3197747
3202748
3207748
3212748
3217748
3222748
3227748
3232748
3237748
3242748
3247748
3252748
3257748
3262748
3267748
3272748
3277748
3282748
3287748
3292748
3297748
3302748
3307748
3312748
3317748
3322748
3327748
3332748
3337748
3342748
3347748
3352749
3357749
3362749
3367749
3372749
3377749
3382749
3387749
3392749
3397749
3402749
3407749
3412749
3417749
3422749
3427749
3432749
3437749
3442749
3447749
3452749
3457749
3462749
3467749
3472749
3477749
3482749
3487749
3492749
3497749
3502749
3507750
3512750
3517750
3522750
3527750
3532750
3537750
3542750
3547750
3552750
3557750
3562750
3567750
3572750
3577750
3582750
3587750
3592750
3597750
3602750
3607750
3612750
3617750
3622750
3627750
3632750
3637750
3642750
3647751
3652750
3657751
3662750
3667751
3672750
3677751
3682750
3687751
3692751
3697751
3702751
3707751
3712751
3717751
3722751
3727751
3732751
3737751
3742751
3747751
3752751
3757751
3762751
3767751
3772751
3777751
3782751
3787751
3792751
3797751
3802751
3807751
3812751
3817752
3822751
3827751
3832752
3837751
3842751
3847752
3852752
3857752
3862752
3867752
3872752
3877752
3882752
3887752
3892752
3897752
3902752
3907752
3912752
3917752
3922752
3927752
3932752
3937752
3942752
3947752
3952752
3957752
3962752
3967752
3972752
3977752
3982752
3987752
3992752
3997752
4002752
4007752
4012752
4017753
4022753
4027753
4032753
4037753
4042753
4047753
4052753
4057753
4062753
4067753
4072753
4077753
4082753
4087753
4092753
4097753
4102753
4107753
4112753
4117753
4122753
4127753
4132753
4137753
4142753
4147753
4152754
4157753
4162753
4167753
4172754
4177754
4182754
4187754
4192754
4197754
4202754
4207754
4212754
4217754
4222754
4227754
4232754
4237754
4242754
4247754
4252754
4257754
4262754
4267754
4272754
4277754
4282754
4287754
4292754
4297754
4302754
4307754
4312754
4317754
4322754
4327754
4332755
4337755
4342755
4347755
4352755
4357755
4362755
4367755
4372755
4377755
4382755
4387755
4392755
4397755
4402755
4407755
4412755
4417755
4422755
4427755
4432755
4437755
4442755
4447755
4452755
4457755
4462755
4467755
4472755
4477756
4482755
4487756
4492756
4497756
4502756
4507756
4512756
4517756
4522756
4527756
4532756
4537756
4542756
4547756
4552756
4557756
4562756
4567756
4572756
4577756
4582756
4587756
4592756
4597756
4602756
4607756
4612756
4617756
4622756
4627757
4632756
4637757
4642756
4647757
4652757
4657757
4662757
4667757
4672757
4677757
4682757
4687757
4692757
4697757
4702757
4707757
4712757
4717757
4722757
4727757
4732757
4737757
4742757
4747757
4752757
4757757
4762757
4767757
4772757
4777757
4782757
4787757
4792757
4797757
4802758
4807758
4812758
4817758
4822758
4827758
4832758
4837758
4842758
4847758
4852758
4857758
4862758
4867758
4872758
4877758
4882758
4887758
4892758
4897758
4902758
4907758
4912758
4917758
4922758
4927758
4932758
4937758
4942758
4947758
4952758
4957758
4962759
4967759
4972759
4977759
4982759
4987759
4992759
4997759
5002759
5007759
5012759
5017759
5022759
5027759
5032759
5037759
5042759
5047759
5052759
5057759
5062759
5067759
5072759
5077759
5082759
5087759
5092759
5097759
5102759
5107759
5112759
5117760
5122760
5127760
5132760
5137760
5142760
5147760
5152760
5157760
5162760
5167760
5172760
5177760
5182760
5187760
5192760
5197760
5202760
5207760
5212760
5217760
5222760
5227760
5232760
5237760
5242760
5247760
5252760
5257760
5262760
5267760
5272760
5277761
5282760
5287760
5292761
5297761
5302761
5307761
5312761
5317761
5322761
5327761
5332761
5337761
5342761
5347761
5352761
5357761
5362761
5367761
5372761
5377761
5382761
5387761
5392761
5397761
5402761
5407761
5412761
5417761
5422761
5427761
5432761
5437761
5442761
5447761
5452761
5457762
5462762
5467762
5472762
5477762
5482762
5487762
5492762
5497762
5502762
5507762
5512762
5517762
5522762
5527762
5532762
5537762
5542762
5547762
5552762
5557762
5562762
5567762
5572762
5577762
5582762
5587762
5592762
5597762
5602763
5607763
5612763
5617763
5622763
5627763
5632763
5637763
5642763
5647763
5652763
5657763
5662763
5667763
5672763
5677763
5682763
5687763
5692763
5697763
5702763
5707763
5712763
5717763
5722763
5727763
5732764
5737763
5742764
5747764
5752764
5757764
5762764
5767764
5772764
5777764
5782764
5787764
5792764
5797764
5802764
5807764
5812764
5817764
5822764
5827764
5832764
5837764
5842764
5847764
5852764
5857764
5862764
5867764
5872764
5877764
5882764
5887764
5892765
5897765
5902765
5907765
5912765
5917765
5922765
5927765
5932765
5937765
5942765
5947765
5952765
5957765
5962765
5967765
5972765
5977765
5982765
5987765
5992765
5997765
6002765
6007765
6012765
6017765
6022765
6027765
6032765
6037765
6042765
6047765
6052765
6057766
6062766
6067765
6072766
6077765
6082766
6087766
6092765
6097766
6102766
6107766
6112766
6117766
6122766
6127766
6132766
6137766
6142766
6147766
6152766
6157766
6162766
6167766
6172766
6177766
6182766
6187766
6192766
6197766
6202766
6207766
6212766
6217766
6222766
6227767
6232766
6237766
6242767
6247767
6252767
6257767
6262767
6267767
6272767
6277767
6282767
6287767