69687442
69692442
69697442
69702442
69707442
69712442
69717442
69722442
69727442
69732442
69737443
69742443
69747443
69752443
69757443
69762443
69767443
69772443
69777443
69782443
69787443
69792443
69797443
69802443
69807443
69812443
69817443
69822443
69827443
69832443
69837443
69842443
69847443
69852443
69857443
69862443
69867443
69872443
69877443
69882443
69887443
69892443
69897444
69902444
69907444
69912444
69917444
69922444
69927444
69932444
69937444
69942444
69947444
69952444
69957444
69962444
69967444
69972444
69977444
69982444
69987444
69992444
69997444
70002444
70007444
70012444
70017444
70022444
70027444
70032444
70037444
70042444
70047444
70052444
70057445
70062445
70067445
70072445
70077445
70082445
70087445
70092445
70097445
70102445
70107445
70112445
70117445
70122445
70127445
70132445
70137445
70142445
70147445
70152445
70157445
70162445
70167445
70172445
70177445
70182445
70187445
70192445
70197445
70202445
70207445
70212445
70217446
70222446
70227446
70232446
70237446
70242446
70247446
70252446
70257446
70262446
70267446
70272446
70277446
70282446
70287446
70292446
70297446
70302446
70307446
70312446
70317446
70322446
70327446
70332446
70337446
70342446
70347446
70352446
70357446
70362446
70367447
70372446
70377447
70382447
70387447
70392447
70397447
70402447
70407447
70412447
70417447
70422447
70427447
70432447
70437447
70442447
70447447
70452447
70457447
70462447
70467447
70472447
70477447
70482447
70487447
70492447
70497447
70502447
70507447
70512447
70517447
70522448
70527447
70532447
70537448
70542448
70547448
70552448
70557448
70562448
70567448
70572448
70577448
70582448
70587448
70592448
70597448
70602448
70607448
70612448
70617448
70622448
70627448
70632448
70637448
70642448
70647448
70652448
70657448
70662448
70667448
70672448
70677448
70682448
70687448
70692448
70697449
70702449
70707449
70712449
70717449
70722449
70727449
70732449
70737449
70742449
70747449
70752449
70757449
70762449
70767449
70772449
70777449
70782449
70787449
70792449
70797449
70802449
70807449
70812449
70817449
70822449
70827449
70832449
70837449
70842449
70847450
70852450
70857450
70862450
70867450
70872450
70877450
70882450
70887450
70892450
70897450
70902450
70907450
70912450
70917450
70922450
70927450
70932450
70937450
70942450
70947450
70952450
70957450
70962450
70967450
70972450
70977450
70982450
70987450
70992450
70997450
71002450
71007450
71012450
71017451
71022451
71027451
71032451
71037451
71042451
71047451
71052451
71057451
71062451
71067451
71072451
71077451
71082451
71087451
71092451
71097451
71102451
71107451
71112451
71117451
71122451
71127451
71132451
71137451
71142451
71147451
71152451
71157451
71162451
71167452
71172451
71177452
71182452
71187452
71192452
71197452
71202452
71207452
71212452
71217452
71222452
71227452
71232452
71237452
71242452
71247452
71252452
71257452
71262452
71267452
71272452
71277452
71282452
71287452
71292452
71297452
71302452
71307452
71312452
71317452
71322452
71327452
71332452
71337453
71342453
71347453
71352453
71357453
71362453
71367453
71372453
71377453
71382453
71387453
71392453
71397453
71402453
71407453
71412453
71417453
71422453
71427453
71432453
71437453
71442453
71447453
71452453
71457453
71462453
71467453
71472453
71477453
71482453
71487454
71492453
71497454
71502454
71507454
71512454
71517454
71522454
71527454
71532454
71537454
71542454
71547454
71552454
71557454
71562454
71567454
71572454
71577454
71582454
71587454
71592454
71597454
71602454
71607454
71612454
71617454
71622454
71627454
71632454
71637454
71642454
71647454
71652454
71657455
71662455
71667455
71672455
71677455
71682455
71687455
71692455
71697455
71702455
71707455
71712455
71717455
71722455
71727455
71732455
71737455
71742455
71747455
71752455
71757455
71762455
71767455
71772455
71777455
71782455
71787455
71792455
71797455
71802455
71807455
71812455
71817456
71822456
71827456
71832456
71837456
71842456
71847456
71852456
71857456
71862456
71867456
71872456
71877456
71882456
71887456
71892456
71897456
71902456
71907456
71912456
71917456
71922456
71927456
71932456
71937456
71942456
71947456
71952456
71957456
71962456
71967456
71972457
71977457
71982457
71987457
71992457
71997457
72002457
72007457
72012457
72017457
72022457
72027457
72032457
72037457
72042457
72047457
72052457
72057457
72062457
72067457
72072457
72077457
72082457
72087457
72092457
72097457
72102457
72107457
72112457
72117457
72122457
72127457
72132457
72137458
72142458
72147458
72152458
72157458
72162458
72167458
72172458
72177458
72182458
72187458
72192458
72197458
72202458
72207458
72212458
72217458
72222458
72227458
72232458
72237458
72242458
72247458
72252458
72257458
72262458
72267458
72272458
72277458
72282458
72287458
72292458
72297459
72302459
72307459
72312459
72317459
72322459
72327459
72332459
72337459
72342459
72347459
72352459
72357459
72362459
72367459
72372459
72377459
72382459
72387459
72392459
72397459
72402459
72407459
72412459
72417459
72422459
72427459
72432459
72437459
72442460
72447459
72452459
72457460
72462460
72467460
72472460
72477460
72482460
72487460
72492460
72497460
72502460
72507460
72512460
72517460
72522460
72527460
72532460
72537460
72542460
72547460
72552460
72557460
72562460
72567460
72572460
72577460
72582460
72587460
72592460
72597460
72602460
72607460
72612460
72617461
72622461
72627461
72632461
72637461
72642461
72647461
72652461
72657461
72662461
72667461
72672461
72677461
72682461
72687461
72692461
72697461
72702461
72707461
72712461
72717461
72722461
72727461
72732461
72737461
72742461
72747461
72752461
72757461
72762461
72767461
72772461
72777462
72782462
72787462
72792462
72797462
72802462
72807462
72812462
72817462
72822462
72827462
72832462
72837462
72842462
72847462
72852462
72857462
72862462
72867462
72872462
72877462
72882462
72887462
72892462
72897462
72902462
72907462
72912462
72917462
72922462
72927462
72932463
72937463
72942463
72947463
72952463
72957463
72962463
72967463
72972463
72977463
72982463
72987463
72992463
72997463
73002463
73007463
73012463
73017463
73022463
73027463
73032463
73037463
73042463
73047463
73052463
73057463
73062463
73067463
73072463
73077463
73082463
73087463
73092463
73097464
73102464
73107464
73112464
73117464
73122464
73127464
73132464
73137464
73142464
73147464
73152464
73157464
73162464
73167464
73172464
73177464
73182464
73187464
73192464
73197464
73202464
73207464
73212464
73217464
73222464
73227464
73232464
73237464
73242464
73247464
73252464
73257465
73262465
73267465
73272465
73277465
73282465
73287465
73292465
73297465
73302465
73307465
73312465
73317465
73322465
73327465
73332465
73337465
73342465
73347465
73352465
73357465
73362465
73367465
73372465
73377465
73382465
73387465
73392465
73397465
73402465
73407465
73412466
73417466
73422466
73427466
73432466
73437466
73442466
73447466
73452466
73457466
73462466
73467466
73472466
73477466
73482466
73487466
73492466
73497466
73502466
73507466
73512466
73517466
73522466
73527466
73532466
73537466
73542466
73547466
73552466
73557466
73562466
73567466
73572466
73577467
73582467
73587467
73592467
73597467
73602467
73607467
73612467
73617467
73622467
73627467
73632467
73637467
73642467
73647467
73652467
73657467
73662467
73667467
73672467
73677467
73682467
73687467
73692467
73697467
73702467
73707467
73712467
73717467
73722467
73727467
73732467
73737468
73742468
73747468
73752468
73757468
73762468
73767468
73772468
73777468
73782468
73787468
73792468
73797468
73802468
73807468
73812468
73817468
73822468
73827468
73832468
73837468
73842468
73847468
73852468
73857468
73862468
73867468
73872468
73877468
73882468
73887469
73892469
73897469
73902469
73907469
73912469
73917469
73922469
73927469
73932469
73937469
73942469
73947469
73952469
73957469
73962469
73967469
73972469
73977469
73982469
73987469
73992469
73997469
74002469
74007469
74012469
74017469
74022469
74027469
74032469
74037469
74042470
74047469
74052469
74057470
74062470
74067470
74072470
74077470
74082470
74087470
74092470
74097470
74102470
74107470
74112470
74117470
74122470
74127470
74132470
74137470
74142470
74147470
74152470
74157470
74162470
74167470
74172470
74177470
74182470
74187470
74192470
74197470
74202470
74207470
74212471
74217471
74222471
74227471
74232471
74237471
74242471
74247471
74252471
74257471
74262471
74267471
74272471
74277471
74282471
74287471
74292471
74297471
74302471
74307471
74312471
74317471
74322471
74327471
74332471
74337471
74342471
74347471
74352471
74357471
74362471
74367471
74372471
74377472
74382472
74387472
74392472
74397472
74402472
74407472
74412472
74417472
74422472
74427472
74432472
74437472
74442472
74447472
74452472
74457472
74462472
74467472
74472472
74477472
74482472
74487472
74492472
74497472
74502472
74507472
74512472
74517472
74522472
74527472
74532473
74537473
74542473
74547473
74552473
74557473
74562473
74567473
74572473
74577473
74582473
74587473
74592473
74597473
74602473
74607473
74612473
74617473
74622473
74627473
74632473
74637473
74642473
74647473
74652473
74657473
74662473
74667473
74672473
74677473
74682473
74687474
74692473
74697474
74702474
74707474
74712474
74717474
74722474
74727474
74732474
74737474
74742474
74747474
74752474
74757474
74762474
74767474
74772474
74777474
74782474
74787474
74792474
74797474
74802474
74807474
74812474
74817474
74822474
74827474
74832474
74837474
74842474
74847474
74852475
74857475
74862475
74867475
74872475
74877475
74882475
74887475
74892475
74897475
74902475
74907475
74912475
74917475
74922475
74927475
74932475
74937475
74942475
74947475
74952475
74957475
74962475
74967475
74972475
74977475
74982475
74987475
74992475
74997475
75002475
75007475
75012476
75017476
75022476
75027476
75032476
75037476
75042476
75047476
75052476
75057476
75062476
75067476
75072476
75077476
75082476
75087476
75092476
75097476
75102476
75107476
75112476
75117476
75122476
75127476
75132476
75137476
75142476
75147476
75152476
75157476
75162476
75167476
75172477
75177477
75182477
75187477
75192477
75197477
75202477
75207477
75212477
75217477
75222477
75227477
75232477
75237477
75242477
75247477
75252477
75257477
75262477
75267477
75272477
75277477
75282477
75287477
75292477
75297477
75302477
75307477
75312477
75317477
75322477
75327477
75332477
75337478
75342478
75347478
75352478
75357478
75362478
75367478
75372478
75377478
75382478
75387478
75392478
75397478
75402478
75407478
75412478
75417478
75422478
75427478
75432478
75437478
75442478
75447478
75452478
75457478
75462478
75467478
75472478
75477478
75482478
75487478
75492478
75497479
75502479
75507479
75512479
75517479
75522479
75527479
75532479
75537479
75542479
75547479
75552479
75557479
75562479
75567479
75572479
75577479
75582479
75587479
75592479
75597479
75602479
75607479
75612479
75617479
75622479
75627479
75632479
75637479
75642479
75647479
75652480
75657480
75662480
75667480
75672480
75677480
75682480
75687480
75692480
75697480
75702480
75707480
75712480
75717480
75722480
75727480
75732480
75737480
75742480
75747480
75752480
75757480
75762480
75767480
75772480
75777480
75782480
75787480
75792480
75797480
75802481
75807480
75812480
75817481
75822481
75827481
75832481
75837481
75842481
75847481
75852481
75857481
75862481
75867481
75872481
75877481
75882481
75887481
75892481
75897481
75902481
75907481
75912481
75917481
75922481
75927481
75932481
75937481
75942481
75947481
75952481
75957481
75962481
75967481
75972482
75977482
75982482
75987482
75992482
75997482
76002482
76007482
76012482
76017482
76022482
76027482
76032482
76037482
76042482
76047482
76052482
76057482
76062482
76067482
76072482
76077482
76082482
76087482
76092482
76097482
76102482
76107482
76112482
76117482
76122482
76127482
76132482
76137483
76142483
76147483
76152483
76157483
76162483
76167483
76172483
76177483
76182483
76187483
76192483
76197483
76202483
76207483
76212483
76217483
76222483
76227483
76232483
76237483
76242483
76247483
76252483
76257483
76262483
76267483
76272483
76277483
76282483
76287483
76292483
76297484
76302484
76307484
76312484
76317484
76322484
76327484
76332484
76337484
76342484
76347484
76352484
76357484
76362484
76367484
76372484
76377484
76382484
76387484
76392484
76397484
76402484
76407484
76412484
76417484
76422484
76427484
76432484
76437484
76442484
76447484
76452485
76457485
76462485
76467485
76472485
76477485
76482485
76487485
76492485
76497485
76502485
76507485
76512485
76517485
76522485
76527485
76532485
76537485
76542485
76547485
76552485
76557485
76562485
76567485
76572485
76577485
76582485
76587485
76592485
76597485
76602485
76607485
76612485
76617486
76622486
76627486
76632486
76637486
76642486
76647486
76652486
76657486
76662486
76667486
76672486
76677486
76682486
76687486
76692486
76697486
76702486
76707486
76712486
76717486
76722486
76727486
76732486
76737486
76742486
76747486
76752486
76757486
76762486
76767486
76772486
76777487
76782487
76787487
76792487
76797487
76802487
76807487
76812487
76817487
76822487
76827487
76832487
76837487
76842487
76847487
76852487
76857487
76862487
76867487
76872487
76877487
76882487
76887487
76892487
76897487
76902487
76907487
76912487
76917487
76922488
76927487
76932488
76937488
76942488
76947488
76952488
76957488
76962488
76967488
76972488
76977488
76982488
76987488
76992488
76997488
77002488
77007488
77012488
77017488
77022488
77027488
77032488
77037488
77042488
77047488
77052488
77057488
77062488
77067488
77072488
77077488
77082488
77087489
77092489
77097489
77102489
77107489
77112489
77117489
77122489
77127489
77132489
77137489
77142489
77147489
77152489
77157489
77162489
77167489
77172489
77177489
77182489
77187489
77192489
77197489
77202489
77207489
77212489
77217489
77222489
77227489
77232489
77237489
77242489
77247489
77252489
77257490
77262490
77267490
77272490
77277490
77282490
77287490
77292490
77297490
77302490
77307490
77312490
77317490
77322490
77327490
77332490
77337490
77342490
77347490
77352490
77357490
77362490
77367490
77372490
77377490
77382490
77387490
77392490
77397490
77402490
77407490
77412491
77417491
77422491
77427491
77432491
77437491
77442491
77447491
77452491
77457491
77462491
77467491
77472491
77477491
77482491
77487491
77492491
77497491
77502491
77507491
77512491
77517491
77522491
77527491
77532491
77537491
77542491
77547491
77552491
77557491
77562491
77567492
77572492
77577492
77582492
77587492
77592492
77597492
77602492
77607492
77612492
77617492
77622492
77627492
77632492
77637492
77642492
77647492
77652492
77657492
77662492
77667492
77672492
77677492
77682492
77687492
77692492
77697492
77702492
77707492
77712492
77717492
77722492
77727492
77732493
77737493
77742493
77747493
77752493
77757493
77762493
77767493
77772493
77777493
77782493
77787493
77792493
77797493
77802493
77807493
77812493
77817493
77822493
77827493
77832493
77837493
77842493
77847493
77852493
77857493
77862493
77867493
77872493
77877493
77882493
77887493
77892493
77897494
77902494
77907494
77912494
77917494
77922494
77927494
77932494
77937494
77942494
77947494
77952494
77957494
77962494
77967494
77972494
77977494
77982494
77987494
77992494
77997494
78002494
78007494
78012494
78017494
78022494
78027494
78032494
78037494
78042494
78047494
78052495
78057495
78062495
78067495
78072495
78077495
78082495
78087495
78092495
78097495
78102495
78107495
78112495
78117495
78122495
78127495
78132495
78137495
78142495
78147495
78152495
78157495
78162495
78167495
78172495
78177495
78182495
78187495
78192495
78197495
78202495
78207495
78212495
78217496
78222496
78227496
78232496
78237496
78242496
78247496
78252496
78257496
78262496
78267496
78272496
78277496
78282496
78287496
78292496
78297496
78302496
78307496
78312496
78317496
78322496
78327496
78332496
78337496
78342496
78347496
78352496
78357496
78362496
78367497
78372496
78377497
78382497
78387497
78392497
78397497
78402497
78407497
78412497
78417497
78422497
78427497
78432497
78437497
78442497
78447497
78452497
78457497
78462497
78467497
78472497
78477497
78482497
78487497
78492497
78497497
78502497
78507497
78512497
78517497
78522497
78527497
78532497
78537498
78542498
78547498
78552498
78557498
78562498
78567498
78572498
78577498
78582498
78587498
78592498
78597498
78602498
78607498
78612498
78617498
78622498
78627498
78632498
78637498
78642498
78647498
78652498
78657498
78662498
78667498
78672498
78677498
78682499
78687498
78692498
78697499
78702499
78707499
78712499
78717499
78722499
78727499
78732499
78737499
78742499
78747499
78752499
78757499
78762499
78767499
78772499
78777499
78782499
78787499
78792499
78797499
78802499
78807499
78812499
78817499
78822499
78827499
78832499
78837500
78842499
78847499
78852499
78857500
78862500
78867500
78872500
78877500
78882500
78887500
78892500
78897500
78902500
78907500
78912500
78917500
78922500
78927500
78932500
78937500
78942500
78947500
78952500
78957500
78962500
78967500
78972500
78977500
78982500
78987500
78992500
78997500
79002500
79007500
79012500
79017501
79022501
79027501
79032501
79037501
79042501
79047501
79052501
79057501
79062501
79067501
79072501
79077501
79082501
79087501
79092501
79097501
79102501
79107501
79112501
79117501
79122501
79127501
79132501
79137501
79142501
79147501
79152501
79157501
79162501
79167501
79172502
79177502
79182502
79187502
79192502
79197502
79202502
79207502
79212502
79217502
79222502
79227502
79232502
79237502
79242502
79247502
79252502
79257502
79262502
79267502
79272502
79277502
79282502
79287502
79292502
79297502
79302502
79307502
79312502
79317502
79322502
79327502
79332502
79337503
79342503
79347503
79352503
79357503
79362503
79367503
79372503
79377503
79382503
79387503
79392503
79397503
79402503
79407503
79412503
79417503
79422503
79427503
79432503
79437503
79442503
79447503
79452503
79457503
79462503
79467503
79472503
79477503
79482503
79487503
79492503
79497504
79502504
79507504
79512504
79517504
79522504
79527504
79532504
79537504
79542504
79547504
79552504
79557504
79562504
79567504
79572504
79577504
79582504
79587504
79592504
79597504
79602504
79607504
79612504
79617504
79622504
79627504
79632504
79637504
79642504
79647504
79652505
79657505
79662505
79667505
79672505
79677505
79682505
79687505
79692505
79697505
79702505
79707505
79712505
79717505
79722505
79727505
79732505
79737505
79742505
79747505
79752505
79757505
79762505
79767505
79772505
79777505
79782505
79787505
79792505
79797505
79802506
79807505
79812505
79817506
79822506
79827506
79832506
79837506
79842506
79847506
79852506
79857506
79862506
79867506
79872506
79877506
79882506
79887506
79892506
79897506
79902506
79907506
79912506
79917506
79922506
79927506
79932506
79937506
79942506
79947506
79952506
79957506
79962506
79967506
79972506
79977507
79982507
79987507
79992507
79997507
80002507
80007507
80012507
80017507
80022507
80027507
80032507
80037507
80042507
80047507
80052507
80057507
80062507
80067507
80072507
80077507
80082507
80087507
80092507
80097507
80102507
80107507
80112507
80117507
80122508
80127507
80132508
80137508
80142508
80147508
80152508
80157508
80162508
80167508
80172508
80177508
80182508
80187508
80192508
80197508
80202508
80207508
80212508
80217508
80222508
80227508
80232508
80237508
80242508
80247508
80252508
80257508
80262508
80267508
80272508
80277508
80282508
80287509
80292509
80297509
80302509
80307509
80312509
80317509
80322509
80327509
80332509
80337509
80342509
80347509
80352509
80357509
80362509
80367509
80372509
80377509
80382509
80387509
80392509
80397509
80402509
80407509
80412509
80417509
80422509
80427509
80432509
80437509
80442509
80447509
80452510
80457510
80462510
80467510
80472510
80477510
80482510
80487510
80492510
80497510
80502510
80507510
80512510
80517510
80522510
80527510
80532510
80537510
80542510
80547510
80552510
80557510
80562510
80567510
80572510
80577510
80582510
80587510
80592510
80597510
80602510
80607510
80612511
80617511
80622511
80627511
80632511
80637511
80642511
80647511
80652511
80657511
80662511
80667511
80672511
80677511
80682511
80687511
80692511
80697511
80702511
80707511
80712511
80717511
80722511
80727511
80732511
80737511
80742511
80747511
80752511
80757511
80762511
80767511
80772512
80777512
80782512
80787512
80792512
80797512
80802512
80807512
80812512
80817512
80822512
80827512
80832512
80837512
80842512
80847512
80852512
80857512
80862512
80867512
80872512
80877512
80882512
80887512
80892512
80897512
80902512
80907512
80912512
80917512
80922512
80927512
80932512
80937513
80942513
80947513
80952513
80957513
80962513
80967513
80972513
80977513
80982513
80987513
80992513
80997513
81002513
81007513
81012513
81017513
81022513
81027513
81032513
81037513
81042513
81047513
81052513
81057513
81062513
81067513
81072513
81077513
81082513
81087513
81092514
81097514
81102514
81107514
81112514
81117514
81122514
81127514
81132514
81137514
81142514
81147514
81152514
81157514
81162514
81167514
81172514
81177514
81182514
81187514
81192514
81197514
81202514
81207514
81212514
81217514
81222514
81227514
81232514
81237514
81242514
81247514
81252514
81257515
81262515
81267515
81272515
81277515
81282515
81287515
81292515
81297515
81302515
81307515
81312515
81317515
81322515
81327515
81332515
81337515
81342515
81347515
81352515
81357515
81362515
81367515
81372515
81377515
81382515
81387515
81392515
81397516
81402515
81407515
81412516
81417516
81422516
81427516
81432516
81437516
81442516
81447516
81452516
81457516
81462516
81467516
81472516
81477516
81482516
81487516
81492516
81497516
81502516
81507516
81512516
81517516
81522516
81527516
81532516
81537516
81542516
81547516
81552516
81557516
81562516
81567516
81572517
81577517
81582517
81587517
81592517
81597517
81602517
81607517
81612517
81617517
81622517
81627517
81632517
81637517
81642517
81647517
81652517
81657517
81662517
81667517
81672517
81677517
81682517
81687517
81692517
81697517
81702517
81707517
81712517
81717517
81722517
81727517
81732518
81737518
81742518
81747518
81752518
81757518
81762518
81767518
81772518
81777518
81782518
81787518
81792518
81797518
81802518
81807518
81812518
81817518
81822518
81827518
81832518
81837518
81842518
81847518
81852518
81857518
81862518
81867518
81872518
81877518
81882518
81887518
81892518
81897519
81902519
81907519
81912519
81917519
81922519
81927519
81932519
81937519
81942519
81947519
81952519
81957519
81962519
81967519
81972519
81977519
81982519
81987519
81992519
81997519
82002519
82007519
82012519
82017519
82022519
82027519
82032519
82037519
82042519
82047519
82052520
82057520
82062520
82067520
82072520
82077520
82082520
82087520
82092520
82097520
82102520
82107520
82112520
82117520
82122520
82127520
82132520
82137520
82142520
82147520
82152520
82157520
82162520
82167520
82172520
82177520
82182520
82187520
82192520
82197520
82202520
82207520
82212521
82217521
82222521
82227521
82232521
82237521
82242521
82247521
82252521
82257521
82262521
82267521
82272521
82277521
82282521
82287521
82292521
82297521
82302521
82307521
82312521
82317521
82322521
82327521
82332521
82337521
82342521
82347521
82352521
82357521
82362521
82367521
82372522
82377522
82382522
82387522
82392522
82397522
82402522
82407522
82412522
82417522
82422522
82427522
82432522
82437522
82442522
82447522
82452522
82457522
82462522
82467522
82472522
82477522
82482522
82487522
82492522
82497522
82502522
82507522
82512522
82517522
82522522
82527523
82532523
82537523
82542523
82547523
82552523
82557523
82562523
82567523
82572523
82577523
82582523
82587523
82592523
82597523
82602523
82607523
82612523
82617523
82622523
82627523
82632523
82637523
82642523
82647523
82652523
82657523
82662523
82667523
82672523
82677523
82682523
82687523
82692523
82697524
82702524
82707524
82712524
82717524
82722524
82727524
82732524
82737524
82742524
82747524
82752524
82757524
82762524
82767524
82772524
82777524
82782524
82787524
82792524
82797524
82802524
82807524
82812524
82817524
82822524
82827524
82832524
82837524
82842524
82847524
82852524
82857525
82862525
82867525
82872525
82877525
82882525
82887525
82892525
82897525
82902525
82907525
82912525
82917525
82922525
82927525
82932525
82937525
82942525
82947525
82952525
82957525
82962525
82967525
82972525
82977525
82982525
82987525
82992525
82997525
83002525
83007525
83012525
83017526
83022526
83027526
83032526
83037526
83042526
83047526
83052526
83057526
83062526
83067526
83072526
83077526
83082526
83087526
83092526
83097526
83102526
83107526
83112526
83117526
83122526
83127526
83132526
83137526
83142526
83147526
83152526
83157526
83162526
83167526
83172526
83177527
83182527
83187527
83192527
83197527
83202527
83207527
83212527
83217527
83222527
83227527
83232527
83237527
83242527
83247527
83252527
83257527
83262527
83267527
83272527
83277527
83282527
83287527
83292527
83297527
83302527
83307527
83312527
83317528
83322528
83327527
83332528
83337528
83342528
83347528
83352528
83357528
83362528
83367528
83372528
83377528
83382528
83387528
83392528
83397528
83402528
83407528
83412528
83417528
83422528
83427528
83432528
83437528
83442528
83447528
83452528
83457528
83462528
83467528
83472528
83477528
83482528
83487528
83492528
83497529
83502529
83507529
83512529
83517529
83522529
83527529
83532529
83537529
83542529
83547529
83552529
83557529
83562529
83567529
83572529
83577529
83582529
83587529
83592529
83597529
83602529
83607529
83612529
83617529
83622529
83627529
83632529
83637529
83642529
83647529
83652529
83657530
83662530
83667530
83672530
83677530
83682530
83687530
83692530
83697530
83702530
83707530
83712530
83717530
83722530
83727530
83732530
83737530
83742530
83747530
83752530
83757530
83762530
83767530
83772530
83777530
83782530
83787530
83792530
83797530
83802530
83807531
83812530
83817531
83822531
83827531
83832531
83837531
83842531
83847531
83852531
83857531
83862531
83867531
83872531
83877531
83882531
83887531
83892531
83897531
83902531
83907531
83912531
83917531
83922531
83927531
83932531
83937531
83942531
83947531
83952531
83957531
83962531
83967531
83972531
83977532
83982532
83987532
83992532
83997532
84002532
84007532
84012532
84017532
84022532
84027532
84032532
84037532
84042532
84047532
84052532
84057532
84062532
84067532
84072532
84077532
84082532
84087532
84092532
84097532
84102532
84107532
84112532
84117532
84122532
84127532
84132532
84137533
84142533
84147533
84152533
84157533
84162533
84167533
84172533
84177533
84182533
84187533
84192533
84197533
84202533
84207533
84212533
84217533
84222533
84227533
84232533
84237533
84242533
84247533
84252533
84257533
84262533
84267533
84272533
84277533
84282534
84287533
84292534
84297534
84302534
84307534
84312534
84317534
84322534
84327534
84332534
84337534
84342534
84347534
84352534
84357534
84362534
84367534
84372534
84377534
84382534
84387534
84392534
84397534
84402534
84407534
84412534
84417534
84422534
84427534
84432534
84437534
84442534
84447534
84452534
84457535
84462535
84467535
84472535
84477535
84482535
84487535
84492535
84497535
84502535
84507535
84512535
84517535
84522535
84527535
84532535
84537535
84542535
84547535
84552535
84557535
84562535
84567535
84572535
84577535
84582535
84587535
84592535
84597535
84602535
84607536
84612535
84617536
84622536
84627536
84632536
84637536
84642536
84647536
84652536
84657536
84662536
84667536
84672536
84677536
84682536
